1000 1000
126 773
146 877
124 602
81 213
91 672
475 616
231 566
70 320
149 613
442 866
157 626
40 41
289 507
408 455
17 332
139 419
66 862
166 711
440 923
117 428
960 977
370 846
122 506
465 589
910 967
584 824
429 523
47 866
416 849
230 341
82 177
130 730
147 297
569 673
182 929
93 326
22 46
187 617
28 453
706 944
57 260
183 485
509 924
569 700
669 787
579 741
253 827
492 682
93 847
925 969
214 728
639 899
90 958
173 309
30 260
506 607
8 498
331 764
270 745
925 996
707 755
364 770
10 278
551 642
893 909
622 931
41 302
374 829
261 543
562 809
27 614
441 510
394 816
395 641
381 468
855 882
203 718
310 664
550 911
295 810
631 756
322 913
10 143
671 801
206 225
348 556
195 463
171 771
282 858
146 458
68 767
837 851
42 248
264 324
26 532
601 611
404 820
132 788
280 296
231 821
46 129
486 782
142 820
222 434
170 671
551 619
261 929
566 909
216 787
92 581
479 752
217 612
671 693
179 756
27 353
346 744
808 918
552 992
784 997
202 861
249 811
735 952
64 509
101 409
176 836
530 690
559 726
1 489
132 244
620 983
715 735
616 851
13 311
213 336
258 914
259 879
639 862
267 563
853 943
429 634
529 721
462 820
537 823
106 627
289 721
342 495
184 574
882 997
354 460
0 902
66 838
238 276
304 877
125 506
324 715
42 737
159 666
188 711
1 201
335 455
285 625
431 679
572 804
640 691
216 620
81 337
240 977
951 989
613 683
60 799
277 477
284 382
427 830
587 819
438 440
113 253
290 425
916 967
111 719
311 893
368 381
283 822
308 921
365 873
640 812
304 863
244 821
288 617
60 911
298 563
367 919
254 633
485 673
551 847
281 748
339 829
541 546
619 645
63 126
88 210
523 528
355 572
663 926
27 608
3 489
621 938
350 960
642 732
422 747
727 965
128 767
300 721
358 982
834 911
187 435
90 255
736 775
8 213
367 640
54 418
30 878
241 662
60 223
34 351
245 952
590 977
10 402
508 935
107 591
246 359
333 525
26 99
97 150
500 940
47 796
212 384
532 981
449 974
513 977
152 580
471 742
52 511
193 361
455 874
702 751
302 951
419 969
73 799
362 673
189 763
394 625
55 265
133 212
264 268
81 421
375 639
515 524
300 307
223 761
53 597
110 475
281 464
122 211
107 159
235 744
256 538
395 733
102 718
136 869
180 665
582 797
171 616
190 202
15 588
305 943
481 912
100 821
223 635
479 561
250 360
605 984
17 405
610 779
94 359
318 500
673 700
741 853
275 538
517 727
904 996
255 834
693 889
110 479
337 607
375 899
516 609
510 953
332 937
26 992
289 966
370 384
36 368
528 601
847 992
273 451
205 442
514 950
80 810
307 471
555 722
44 744
113 197
683 898
401 920
215 891
37 723
140 708
386 611
293 810
84 584
44 371
547 592
214 266
257 475
73 416
100 281
281 454
518 803
384 952
387 859
283 631
568 642
110 721
305 924
98 585
290 935
140 600
749 811
140 200
620 926
703 942
724 736
659 765
102 591
149 285
231 714
873 981
477 617
92 654
376 849
567 956
697 895
57 705
30 840
806 820
10 593
71 231
225 527
107 553
309 508
222 363
380 986
75 201
270 925
738 801
785 873
510 943
596 708
121 564
63 492
610 890
360 989
324 923
129 586
189 689
250 983
395 556
13 640
270 552
592 841
250 821
429 963
92 155
325 506
11 319
70 881
624 811
210 775
440 563
231 718
199 357
672 806
679 854
297 938
343 905
643 919
190 546
522 629
222 767
94 856
30 664
92 923
65 551
281 920
361 940
314 450
522 903
68 556
644 752
345 703
22 171
418 446
38 552
229 519
241 484
102 954
466 593
8 520
677 804
257 986
794 971
180 483
4 684
28 376
718 832
156 772
702 726
98 184
554 562
528 662
408 517
37 690
810 915
276 883
498 819
38 435
566 783
191 348
105 583
727 746
86 731
155 184
102 846
74 348
820 955
789 986
621 993
665 941
290 875
533 642
456 669
421 837
157 391
263 647
492 708
62 895
467 962
400 872
72 423
696 794
372 572
765 875
48 740
911 966
295 706
593 787
305 738
66 465
798 936
141 150
104 339
226 374
314 975
76 658
116 969
332 593
208 585
108 736
71 836
400 517
723 780
26 437
705 982
412 729
247 909
162 218
335 518
682 989
107 758
523 587
426 493
360 947
605 882
181 963
304 814
554 669
744 811
366 609
372 540
291 713
251 915
179 243
719 983
29 57
246 818
51 871
818 873
397 987
139 426
346 923
448 516
519 567
67 843
533 749
85 711
62 755
195 601
317 963
371 943
882 893
802 919
506 731
165 200
71 422
544 596
117 309
757 987
31 614
645 675
42 889
536 768
379 821
18 949
554 682
174 946
204 807
392 778
166 286
138 215
332 974
194 366
361 543
159 912
365 504
233 632
459 557
98 160
263 731
678 744
483 496
433 904
281 352
841 869
145 766
14 664
419 493
54 81
868 981
560 874
218 341
218 579
331 874
168 987
433 513
512 806
215 928
675 702
280 429
214 218
12 120
92 894
40 429
766 969
244 982
49 267
457 479
397 941
814 973
277 759
643 993
333 529
82 291
97 581
134 994
40 285
308 365
416 810
354 737
58 348
430 754
209 517
452 903
249 553
448 762
786 928
202 868
759 822
633 835
600 658
141 611
843 901
116 554
77 217
170 781
375 823
348 958
243 774
130 336
202 742
119 982
166 914
503 599
78 563
279 980
452 624
40 707
400 434
178 659
550 778
672 902
890 963
217 349
737 784
424 791
263 465
36 813
377 877
477 537
103 485
69 105
4 461
58 352
90 811
870 895
111 187
57 643
199 974
208 376
575 578
164 589
684 741
211 301
85 979
182 503
272 406
451 548
62 596
651 811
595 821
695 908
8 634
403 489
150 974
619 769
57 746
690 820
381 977
12 842
318 787
502 858
711 852
863 986
11 895
928 975
299 544
522 949
118 203
0 77
483 710
235 370
339 836
176 330
99 446
485 509
477 568
381 442
806 991
148 478
538 682
441 740
53 515
222 525
327 489
246 501
451 543
487 716
380 501
379 774
422 983
398 787
191 812
257 659
184 962
174 890
0 625
828 847
363 686
362 959
59 293
9 701
566 618
94 888
115 682
134 961
220 637
371 388
335 605
604 986
456 495
116 683
599 651
639 962
114 713
168 455
265 635
186 491
748 887
474 647
560 836
170 492
130 456
611 643
229 578
35 685
472 952
720 797
600 890
443 934
254 482
279 426
179 586
130 959
250 875
352 895
424 673
424 911
700 995
39 822
225 949
669 998
506 544
813 881
352 913
79 913
611 746
306 528
633 932
81 666
709 909
416 516
877 911
185 912
171 587
217 554
469 680
50 59
556 923
396 705
222 403
597 695
388 701
160 190
60 481
344 914
545 666
487 832
63 523
192 646
676 997
24 415
505 877
562 755
21 526
481 492
366 453
607 906
311 764
438 805
564 792
85 519
214 831
98 211
178 329
377 538
141 865
244 939
64 981
197 589
426 705
633 918
163 313
366 812
494 592
47 946
362 531
159 617
139 382
670 674
421 882
95 214
453 825
396 956
341 364
341 373
202 416
859 973
871 938
552 785
23 292
576 761
369 938
43 935
170 976
2 89
366 533
435 892
248 657
142 923
301 431
154 906
743 892
612 957
567 815
961 971
162 519
681 837
166 242
226 284
691 692
139 615
556 913
839 865
742 923
52 238
372 594
130 652
492 510
616 945
832 987
617 672
496 620
565 979
354 963
94 985
797 895
669 938
601 691
168 943
550 618
299 609
210 531
320 412
205 700
339 663
98 457
421 998
752 838
680 831
104 406
221 564
197 835
243 811
25 607
54 414
641 848
41 871
138 395
254 588
37 599
677 798
305 917
689 763
659 911
57 815
503 901
222 235
378 739
449 790
872 893
789 886
152 823
8 559
172 661
382 620
470 980
678 780
19 815
160 287
242 753
418 570
230 370
834 875
137 142
622 983
368 996
269 459
198 646
71 462
851 982
767 821
272 470
540 940
578 805
71 489
290 667
676 959
248 750
229 508
473 621
266 566
392 553
437 942
496 601
364 979
575 763
296 683
143 980
63 341
115 769
285 417
82 354
34 701
309 649
171 935
36 890
315 970
164 383
541 617
95 311
129 938
365 391
62 619
219 346
851 959
112 220
494 801
124 850
54 395
457 919
322 951
481 849
310 720
114 656
545 632
533 905
699 928
231 823
831 846
288 836
59 586
525 910
349 586
16 624
334 534
471 948
726 820
19 778
15 826
678 752
77 383
312 384
428 815
732 979
253 734
438 618
121 444
674 736
254 964
507 717
304 565
1 100
129 533
189 407
145 657
539 813
141 516
566 650
617 872
494 643
257 727
765 868
58 100
623 784
188 475
303 712
571 603
556 740
268 992
101 824
401 457
98 684
22 698
464 513
700 762
102 151
685 908
471 808
569 687
374 866
149 766
