100 99
55 66
19 46
46 48
45 92
10 70
26 69
21 73
2 32
70 75
43 69
23 45
66 89
6 68
2 98
0 64
15 73
62 69
11 39
82 90
48 97
60 98
1 76
26 75
52 94
19 45
11 41
40 95
51 70
61 72
35 53
33 74
13 71
50 90
24 80
25 79
37 44
8 38
35 89
54 69
32 41
20 21
84 88
69 96
4 40
16 69
10 92
25 35
38 84
49 84
32 43
12 83
52 73
80 98
30 97
39 75
29 74
28 63
58 64
32 54
12 30
58 82
44 62
53 95
61 87
30 81
61 80
17 77
17 22
83 86
68 76
22 63
14 59
13 36
12 16
6 85
43 49
7 29
40 96
7 93
48 66
23 46
65 91
6 69
1 27
15 35
36 76
28 72
16 52
20 34
9 86
12 48
40 73
58 72
62 88
45 90
77 97
0 76
63 68
11 94
