50 500
38 23
26 21
18 17
7 26
18 26
7 35
29 32
42 11
30 9
11 5
40 41
0 5
11 14
0 23
11 23
33 20
44 20
44 29
33 29
34 3
25 34
33 47
22 10
3 6
22 19
37 35
22 46
3 42
7 3
47 48
26 25
11 9
41 10
0 9
41 37
10 31
37 3
22 14
25 47
14 10
22 23
22 32
49 4
36 43
18 16
48 17
9 44
48 26
21 18
6 47
44 10
25 6
44 19
10 17
41 32
33 28
33 37
22 0
37 7
3 5
22 18
2 49
24 46
26 6
48 12
5 41
29 8
48 30
9 48
41 0
21 31
6 42
44 5
33 5
39 48
10 12
2 8
25 10
34 6
32 45
35 41
47 15
47 24
28 20
5 27
47 42
40 3
28 47
29 12
48 34
29 30
21 35
10 7
39 43
2 3
20 39
20 48
2 21
2 30
22 8
24 27
13 27
14 4
43 40
35 36
43 49
32 49
17 15
36 28
17 24
48 2
17 33
9 38
5 49
6 14
9 47
21 12
6 23
39 38
32 17
4 44
43 26
43 35
43 44
13 40
16 36
28 1
17 1
16 45
5 26
48 6
40 2
29 11
21 7
27 41
42 39
21 16
39 24
12 25
23 25
31 38
12 34
2 11
23 43
32 21
43 21
43 30
16 13
4 48
1 42
35 44
36 9
17 5
16 49
5 12
17 14
38 46
17 23
9 28
5 39
29 6
6 4
42 43
39 28
31 24
39 46
4 25
24 3
4 34
1 10
43 25
4 43
1 37
9 5
28 18
15 48
7 44
39 23
39 41
31 37
12 33
23 33
32 11
13 7
24 16
46 31
5 2
49 45
30 22
8 31
19 31
39 9
19 40
20 5
0 36
39 18
8 49
11 45
31 32
20 32
4 33
45 34
22 41
16 7
14 46
38 13
15 20
5 6
18 25
46 44
15 38
42 10
27 21
11 22
20 0
8 44
20 9
31 9
0 40
12 23
32 1
24 6
37 25
34 38
16 2
45 38
3 32
22 36
46 12
46 21
38 17
46 30
7 38
8 3
30 3
42 5
19 12
30 21
42 23
31 4
45 33
14 27
45 42
14 36
3 45
26 10
38 12
38 21
26 19
49 21
18 15
7 24
18 33
21 44
41 49
25 41
45 19
34 19
37 15
34 28
22 26
34 37
49 7
46 20
14 49
18 10
7 19
26 32
40 34
41 8
21 39
44 13
33 31
41 44
45 5
44 49
22 21
34 23
14 35
26 0
3 35
38 2
7 14
28 46
40 29
6 27
30 6
6 36
40 47
25 13
33 26
25 22
45 0
25 31
34 18
2 47
43 48
14 21
7 0
28 32
28 41
29 15
9 46
48 37
40 33
33 3
44 12
2 6
10 19
3 16
14 16
14 25
7 4
18 4
5 34
48 14
17 45
28 45
48 23
29 19
48 32
21 15
41 11
22 6
2 37
32 38
37 4
35 34
43 47
24 43
47 8
16 39
36 26
17 22
47 44
9 27
36 44
21 1
28 49
48 27
6 39
41 6
44 2
33 11
44 11
32 15
24 20
43 33
13 29
32 42
1 36
16 34
1 45
13 47
36 12
28 17
9 40
29 18
40 18
0 49
10 4
23 41
13 6
32 19
43 19
24 15
1 22
13 42
9 8
5 37
6 20
39 35
20 31
23 27
12 27
2 4
13 1
4 32
23 45
12 45
32 23
35 19
43 32
35 28
1 26
16 33
28 7
36 20
9 3
38 48
5 32
27 29
30 34
42 36
8 43
20 8
11 39
0 39
23 13
20 26
12 22
31 35
23 31
12 40
24 5
4 45
43 27
32 27
24 23
45 46
16 19
1 39
17 11
7 46
42 22
27 42
11 25
0 25
30 38
20 3
39 7
11 43
0 43
20 30
31 30
23 26
31 39
12 35
24 0
23 44
13 9
1 7
35 18
13 18
49 20
38 29
26 27
46 42
5 4
15 27
9 2
38 47
8 6
27 28
19 24
8 24
8 33
31 7
11 38
0 38
11 47
23 21
45 36
22 34
46 1
3 39
38 24
49 24
49 33
26 31
15 31
19 1
15 49
8 10
42 21
11 15
30 37
31 11
0 42
23 7
4 21
37 18
45 40
22 38
14 34
22 47
34 49
49 37
38 37
11 1
19 14
40 46
30 23
11 19
30 32
11 28
12 11
25 30
34 8
25 48
22 24
45 26
37 22
46 0
14 29
3 38
26 3
14 38
46 18
7 8
