100 200
89 59
25 41
71 93
53 32
37 15
68 48
29 41
8 18
94 21
75 72
23 98
37 97
69 31
40 4
41 88
14 49
58 49
10 91
82 22
93 52
7 28
82 31
90 99
10 45
18 28
70 75
91 82
75 10
0 71
32 69
14 97
89 45
9 92
55 43
6 68
29 70
15 25
56 60
15 89
70 4
76 38
18 30
7 94
10 56
63 38
28 16
80 17
12 29
5 78
57 61
52 74
4 89
24 67
47 41
47 50
71 17
74 43
92 67
17 9
5 7
54 28
20 90
22 87
97 90
95 38
84 38
98 0
49 50
74 79
69 92
35 5
69 37
16 1
39 5
88 35
30 54
22 16
58 94
25 6
13 71
98 20
44 83
72 65
62 64
59 47
76 81
17 41
65 81
91 8
51 54
21 20
20 85
3 14
38 45
57 58
78 90
64 36
80 87
43 13
42 79
98 77
48 3
71 69
11 27
2 24
30 40
66 27
20 5
91 1
68 33
63 28
30 58
15 36
13 57
61 21
96 73
84 53
87 40
79 11
65 76
74 33
62 13
51 95
71 80
69 82
80 27
67 39
1 75
0 77
68 10
31 55
45 54
14 48
58 48
77 61
63 23
83 1
52 50
35 34
50 62
97 91
13 52
78 96
44 73
30 19
1 13
33 82
27 96
66 24
66 33
18 84
86 84
7 93
99 2
81 51
83 15
87 46
2 60
0 17
38 1
26 72
20 68
38 83
77 10
73 22
47 67
36 12
93 64
53 28
25 46
56 79
54 91
55 34
93 73
1 63
34 42
94 26
46 71
38 12
84 64
61 41
35 86
69 63
84 82
89 20
78 20
70 16
16 45
27 75
19 7
36 23
92 22
91 32
85 80
19 25
71 63
92 40
40 66
60 99
60 44
