50 500
49 23
15 21
18 17
27 4
18 44
19 9
48 45
40 41
19 18
41 15
45 3
34 3
37 8
45 21
3 15
37 17
3 24
37 26
3 33
37 35
46 13
26 7
15 7
15 16
49 18
18 12
7 21
7 30
48 31
27 8
48 40
29 36
41 10
21 41
41 19
41 28
25 11
10 22
33 24
10 40
37 3
10 49
45 16
3 1
2 45
37 12
14 1
22 23
34 25
26 20
18 16
9 44
40 22
44 1
6 47
25 6
33 37
10 35
2 31
37 7
3 14
7 11
40 17
9 48
48 39
21 22
6 33
41 0
21 31
33 5
10 3
44 14
25 10
33 23
2 17
25 19
10 30
34 6
43 36
22 13
14 9
35 41
13 41
3 18
16 46
28 38
48 34
6 46
33 9
2 12
20 48
2 30
35 36
32 49
13 45
24 45
35 45
28 6
47 28
28 24
47 37
36 37
48 2
6 5
6 14
29 16
40 16
40 25
39 29
10 2
31 43
12 48
43 35
32 35
17 1
13 49
47 23
5 17
5 35
6 18
39 33
12 25
23 43
13 8
4 39
35 26
24 35
1 42
9 10
5 21
5 39
39 10
31 15
20 33
23 29
43 7
35 3
32 16
13 12
32 25
16 8
35 21
46 27
17 0
28 0
38 41
19 27
42 29
27 40
20 1
27 49
11 32
8 45
11 41
31 19
31 28
20 28
12 24
20 37
12 42
1 5
35 7
43 20
13 16
24 25
46 22
16 30
38 27
5 2
28 4
17 4
9 0
26 43
27 17
18 48
7 48
19 13
27 26
19 22
11 18
30 31
8 40
23 1
19 49
30 49
11 45
0 45
41 46
39 27
20 23
12 10
32 6
35 2
13 2
1 9
35 11
24 11
45 43
22 41
15 20
38 22
7 25
26 47
42 19
19 26
11 22
39 13
23 5
12 5
31 18
4 1
12 23
35 6
34 38
46 3
37 34
3 32
22 45
46 12
26 15
49 26
18 20
27 7
27 16
8 12
19 12
11 8
8 21
30 21
19 30
8 30
11 26
39 8
0 26
31 13
33 32
4 5
33 41
4 14
10 48
25 46
34 42
37 38
26 10
15 10
7 6
49 21
18 15
15 28
7 24
7 42
48 43
18 42
40 39
11 21
44 27
12 4
10 43
45 10
34 10
45 19
37 15
45 37
14 31
3 40
26 5
7 1
14 49
36 46
18 10
49 25
18 28
7 28
18 37
48 38
40 34
30 11
41 26
44 22
10 20
44 31
25 27
33 40
22 3
25 36
37 1
44 49
22 12
2 43
45 32
22 30
22 39
15 9
38 11
7 5
48 15
28 46
48 24
48 42
41 12
44 8
44 26
10 24
2 29
45 18
2 47
32 48
37 23
3 30
15 4
26 4
36 45
29 33
6 31
48 46
21 38
44 3
10 1
41 25
25 17
22 2
3 7
14 16
36 31
7 4
48 5
5 34
17 36
47 49
9 32
40 19
6 26
40 37
41 20
44 16
31 46
44 25
10 32
2 28
14 2
32 47
24 43
47 17
16 48
28 22
36 44
29 5
6 3
48 27
21 10
6 21
10 0
31 41
2 23
22 1
35 38
36 3
47 3
16 34
1 45
28 17
47 30
28 26
48 13
40 18
21 14
39 31
0 49
10 4
44 6
39 49
20 45
23 41
43 19
4 37
13 15
43 37
13 33
32 46
36 7
47 7
16 47
5 10
17 12
28 30
6 2
40 4
27 34
31 22
39 35
39 44
4 23
43 14
1 8
1 35
36 2
24 37
46 34
36 11
49 48
9 12
5 32
30 34
39 12
8 43
23 13
20 44
4 36
16 1
35 14
32 27
16 10
16 19
46 29
1 39
28 11
9 7
27 15
42 13
27 24
39 16
0 34
42 49
31 12
19 47
24 0
32 13
34 32
23 44
13 9
34 41
35 18
1 25
37 46
47 1
49 20
49 29
26 45
18 41
42 17
30 24
0 20
0 29
8 42
0 38
11 47
0 47
31 25
12 21
13 4
1 11
22 43
14 39
3 39
46 19
3 48
38 15
49 15
49 24
7 18
49 33
27 5
18 36
42 3
11 15
39 6
30 37
20 2
11 33
31 11
12 7
31 20
34 31
45 31
22 29
37 27
45 40
45 49
46 14
3 43
15 8
18 13
49 28
27 0
15 44
27 18
42 16
11 19
0 19
20 6
25 30
34 8
2 46
25 48
34 26
46 0
3 29
34 44
38 5
14 47
