100 200
92 58
79 24
18 81
98 46
4 9
17 3
37 70
20 84
34 28
3 77
54 40
56 37
6 48
41 15
46 11
55 59
16 22
18 19
59 2
52 51
7 28
74 48
36 73
48 38
30 2
60 12
83 14
47 91
67 27
31 40
0 16
1 8
99 86
95 15
13 92
45 60
87 20
71 88
10 47
19 4
77 30
85 13
28 89
97 51
36 50
74 43
47 77
9 60
65 3
4 18
57 63
67 40
43 18
79 14
71 10
8 36
99 90
28 48
45 64
71 28
62 25
47 70
65 51
48 44
66 4
9 71
29 49
44 65
4 29
90 62
61 26
33 74
32 20
1 78
15 77
64 61
53 6
74 93
94 41
79 89
82 85
31 21
60 11
52 62
40 42
81 43
23 35
81 52
72 49
52 80
7 57
73 57
70 40
59 40
29 72
40 17
63 19
22 75
68 42
20 23
35 39
87 22
58 80
94 79
43 6
6 42
52 73
43 70
59 88
62 50
70 97
29 10
76 94
2 90
69 0
15 93
12 76
21 24
7 34
97 34
78 85
4 17
10 69
42 19
59 90
25 67
8 26
44 25
48 7
90 77
11 31
30 99
86 0
31 73
87 8
14 66
26 95
59 10
78 23
93 5
88 55
45 84
93 14
89 96
65 7
27 87
50 89
91 44
21 1
85 46
38 81
38 26
77 17
80 68
50 9
25 53
83 33
82 13
11 90
95 7
3 52
49 83
79 29
32 42
84 25
89 73
67 18
73 86
24 47
89 82
96 8
46 53
19 14
62 49
73 49
65 11
93 82
39 56
5 88
23 39
19 87
85 32
84 64
21 60
22 51
87 60
38 85
53 67
12 11
53 21
72 98
65 59
63 41
42 73
86 45
66 76
75 24
31 54
51 96
26 76
